go, fwd, left-right, reset

5.19804	1.95029	-0.117869	0.999748	-0.0181766	-0.0181792	1.45659	1.075	0.72347	0.690289	0.761932	1.83616	5.07924	-0.780254
932.173	1.7583	0.575588	0.957392	0.28868	0.292857	2.03151	-0.864105	0.885238	-0.464748	-0.483445	-251.202	897.119	-0.00501023
5.19699	1.96057	0.127189	0.999664	0.0223155	0.0223193	1.46638	-1.04776	0.722798	-0.69075	-0.762731	6.91542	-3.87525	0.780373
929.683	1.73157	-0.56935	0.957141	-0.289506	-0.293721	2.01104	0.845355	0.885632	0.464015	0.482614	10.2837	-928.617	0.00502365


stop, fwd, left-right, reset

5.19841	1.82853	-0.111583	0.99966	-0.022515	-0.0225189	1.33994	1.05912	0.72646	0.687141	0.75759	1.97227	5.08553	-0.780212
931.758	1.74404	0.574084	0.957158	0.28945	0.293663	2.02346	-0.850238	0.885665	-0.463954	-0.482544	-247.821	897.611	-0.00501247
5.19685	1.96028	0.1279	0.999663	0.02237	0.0223739	1.46613	-1.04679	0.722814	-0.690722	-0.762699	7.00196	-3.88899	0.78039
927.07	1.74446	-0.573602	0.957178	-0.289386	-0.293596	2.02296	0.851826	0.885574	0.464126	0.482738	7.28741	-926.024	0.00503781


stop, fwd, right-left, reset

5.19811	1.82852	0.111694	0.99966	0.0225054	0.0225092	1.33992	-1.0592	0.726452	-0.687151	-0.757603	1.9724	-5.08507	0.780246
932.783	1.74424	-0.573897	0.957168	-0.289418	-0.293628	2.02323	0.850868	0.885633	0.464014	0.482611	-248.044	-898.613	0.00500696
5.19686	1.96007	-0.128308	0.999662	-0.0223931	-0.022397	1.46595	1.04632	0.722836	0.690698	0.762666	7.0017	3.88922	-0.780389
929.687	1.74454	0.573397	0.957183	0.289367	0.293575	2.02277	-0.85219	0.885558	-0.464156	-0.482773	7.27058	928.641	-0.00502363


go, fwd, right-left, reset

5.19802	1.95049	0.117854	0.999748	0.0181869	0.0181895	1.45681	-1.07486	0.723484	-0.690275	-0.761913	1.83627	-5.07938	0.780256
932.61	1.75833	-0.575564	0.957408	-0.288628	-0.292803	2.03141	0.864378	0.885211	0.464802	0.483505	-251.289	-897.549	0.00500789
5.1969	1.96039	-0.12747	0.999664	-0.0223051	-0.0223089	1.46618	1.04755	0.722789	0.690759	0.762743	6.91516	3.8749	-0.780384
926.097	1.7317	0.569624	0.957174	0.289398	0.293608	2.01104	-0.84585	0.885579	-0.464116	-0.482727	10.3423	925.031	-0.0050431


go, rev, right-left, reset

5.20193	-0.78414	0.131366	0.97525	0.22073	0.222582	-1.13134	-0.0760974	0.848917	-0.528407	-0.556763	0.138259	-4.94202	0.77981
930.812	-1.14195	-0.0536368	0.996938	-0.0780203	-0.0781008	-1.04058	0.138618	0.766241	0.642473	0.697764	132.965	-921.12	0.00501756
5.20084	-0.787822	-0.121629	0.973918	-0.226456	-0.228461	-1.13422	0.0480023	0.849356	0.527515	0.555773	-2.45482	4.77134	-0.779934
930.039	-1.14174	0.0534789	0.996941	0.0779902	0.0780705	-1.04054	-0.138906	0.766175	-0.642554	-0.697869	1.50509	929.748	-0.00502173


stop, rev, right-left, reset

5.19987	-0.751855	0.115333	0.974864	0.222431	0.224326	-1.09895	-0.0838051	0.849719	-0.527117	-0.555244	0.431629	-4.95412	0.780045
931.037	-1.14137	-0.0528022	0.996907	-0.0784166	-0.0784982	-1.03926	0.137934	0.766412	0.642269	0.697499	134.553	-921.173	0.00501635
5.20113	-0.788275	-0.121957	0.973914	-0.226472	-0.228478	-1.13465	0.0475109	0.849383	0.527468	0.555718	-2.17617	4.75359	-0.779901
930.139	-1.1419	0.0532468	0.996938	0.0780256	0.0781061	-1.04068	-0.1388	0.766219	-0.642501	-0.6978	0.496122	929.834	-0.00502119


stop, rev, left-right, reset

5.19992	-0.751856	-0.115498	0.974852	-0.222484	-0.22438	-1.09896	0.083269	0.849736	0.527089	0.55521	0.431719	4.95393	-0.780039
932.254	-1.14171	0.0526548	0.996899	0.0785147	0.0785967	-1.03922	-0.137363	0.766476	-0.642192	-0.697398	134.649	922.389	-0.0050098
5.20115	-0.788294	0.121861	0.973926	0.22642	0.228424	-1.13467	-0.0478633	0.84936	-0.527505	-0.555762	-2.17641	-4.75402	0.779899
933.403	-1.14199	-0.0532392	0.996936	-0.0780506	-0.0781312	-1.04068	0.138647	0.76623	0.642487	0.697782	0.513904	-933.098	0.00500363


go, rev, left-right, reset

5.2023	-0.784196	-0.131358	0.975266	-0.22066	-0.22251	-1.13137	0.0764754	0.848897	0.528439	0.5568	0.139963	4.94266	-0.779768
925.39	-1.14335	0.0548309	0.996997	0.0772613	0.0773395	-1.04353	-0.140085	0.765799	-0.643	-0.698452	132.815	915.663	-0.00504696
5.20123	-0.787728	0.122117	0.9739	0.226537	0.228544	-1.13407	-0.0469284	0.849407	-0.527425	-0.555669	-2.45677	-4.76943	0.77989
931.559	-1.14168	-0.0538041	0.996939	-0.0780099	-0.0780903	-1.04028	0.138704	0.766212	0.642508	0.69781	0.932027	-931.268	0.00501354
